Vertex Count: 156

Data:

-29.5455 -0.9753 51.0013 -3.8247 -5.0914 0 1 0
-14.7727 -0.9753 27.3326 -1.6623 -2.0252 0 1 0
-29.5455 -0.9753 27.3326 -3.8247 -2.0252 0 1 0
-14.7727 -0.9753 27.3326 -1.6623 -2.0252 0 1 0
-25.9873 -0.9753 54.5594 -3.3039 -5.5503 0 1 0
-14.7727 -0.9753 54.665 -1.6623 -5.5503 0 1 0
-14.7727 -0.9753 54.665 -1.6623 -5.5503 0 1 0
0 -0.9753 27.3326 0.5 -2.0252 0 1 0
-14.7727 -0.9753 27.3326 -1.6623 -2.0252 0 1 0
0 -0.9753 27.3326 0.5 -2.0252 0 1 0
-14.7727 -0.9753 54.665 -1.6623 -5.5503 0 1 0
0 -0.9753 54.665 0.5 -5.5503 0 1 0
0 -0.9753 54.665 0.5 -5.5503 0 1 0
14.7727 -0.9753 27.3326 2.6623 -2.0252 0 1 0
0 -0.9753 27.3326 0.5 -2.0252 0 1 0
14.7727 -0.9753 27.3326 2.6623 -2.0252 0 1 0
0 -0.9753 54.665 0.5 -5.5503 0 1 0
14.7727 -0.9753 54.665 2.6623 -5.5503 0 1 0
14.7727 -0.9753 54.665 2.6623 -5.5503 0 1 0
29.5455 -0.9753 27.3326 4.8247 -2.0252 0 1 0
14.7727 -0.9753 27.3326 2.6623 -2.0252 0 1 0
29.5455 -0.9753 27.3326 4.8247 -2.0252 0 1 0
14.7727 -0.9753 54.665 2.6623 -5.5503 0 1 0
29.5455 -0.9753 50.8885 4.8247 -5.0632 0 1 0
-29.5455 -0.9753 27.3326 -3.8247 -2.0252 0 1 0
-14.7727 -0.9753 0.0001 -1.6623 1.5 0 1 0
-29.5455 -0.9753 0.0001 -3.8247 1.5 0 1 0
-14.7727 -0.9753 0.0001 -1.6623 1.5 0 1 0
-29.5455 -0.9753 27.3326 -3.8247 -2.0252 0 1 0
-14.7727 -0.9753 27.3326 -1.6623 -2.0252 0 1 0
-14.7727 -0.9753 27.3326 -1.6623 -2.0252 0 1 0
0 -0.9753 0.0001 0.5 1.5 0 1 0
-14.7727 -0.9753 0.0001 -1.6623 1.5 0 1 0
0 -0.9753 0.0001 0.5 1.5 0 1 0
-14.7727 -0.9753 27.3326 -1.6623 -2.0252 0 1 0
0 -0.9753 27.3326 0.5 -2.0252 0 1 0
0 -0.9753 27.3326 0.5 -2.0252 0 1 0
14.7727 -0.9753 0.0001 2.6623 1.5 0 1 0
0 -0.9753 0.0001 0.5 1.5 0 1 0
14.7727 -0.9753 0.0001 2.6623 1.5 0 1 0
0 -0.9753 27.3326 0.5 -2.0252 0 1 0
14.7727 -0.9753 27.3326 2.6623 -2.0252 0 1 0
14.7727 -0.9753 27.3326 2.6623 -2.0252 0 1 0
29.5455 -0.9753 0.0001 4.8247 1.5 0 1 0
14.7727 -0.9753 0.0001 2.6623 1.5 0 1 0
29.5455 -0.9753 0.0001 4.8247 1.5 0 1 0
14.7727 -0.9753 27.3326 2.6623 -2.0252 0 1 0
29.5455 -0.9753 27.3326 4.8247 -2.0252 0 1 0
-29.5455 -0.9753 0.0001 -3.8247 1.5 0 1 0
-14.7727 -0.9753 -27.3326 -1.6623 5.0252 0 1 0
-29.5455 -0.9753 -27.3326 -3.8247 5.0252 0 1 0
-14.7727 -0.9753 -27.3326 -1.6623 5.0252 0 1 0
-29.5455 -0.9753 0.0001 -3.8247 1.5 0 1 0
-14.7727 -0.9753 0.0001 -1.6623 1.5 0 1 0
-14.7727 -0.9753 0.0001 -1.6623 1.5 0 1 0
0 -0.9753 -27.3326 0.5 5.0252 0 1 0
-14.7727 -0.9753 -27.3326 -1.6623 5.0252 0 1 0
0 -0.9753 -27.3326 0.5 5.0252 0 1 0
-14.7727 -0.9753 0.0001 -1.6623 1.5 0 1 0
0 -0.9753 0.0001 0.5 1.5 0 1 0
0 -0.9753 0.0001 0.5 1.5 0 1 0
14.7727 -0.9753 -27.3326 2.6623 5.0252 0 1 0
0 -0.9753 -27.3326 0.5 5.0252 0 1 0
14.7727 -0.9753 -27.3326 2.6623 5.0252 0 1 0
0 -0.9753 0.0001 0.5 1.5 0 1 0
14.7727 -0.9753 0.0001 2.6623 1.5 0 1 0
14.7727 -0.9753 0.0001 2.6623 1.5 0 1 0
29.5455 -0.9753 -27.3326 4.8247 5.0252 0 1 0
14.7727 -0.9753 -27.3326 2.6623 5.0252 0 1 0
29.5455 -0.9753 -27.3326 4.8247 5.0252 0 1 0
14.7727 -0.9753 0.0001 2.6623 1.5 0 1 0
29.5455 -0.9753 0.0001 4.8247 1.5 0 1 0
-29.5455 -0.9753 -27.3326 -3.8247 5.0252 0 1 0
-14.7727 -0.9753 -54.665 -1.6623 8.5503 0 1 0
-29.5455 -0.9753 -51.8839 -3.8247 8.1916 0 1 0
-14.7727 -0.9753 -54.665 -1.6623 8.5503 0 1 0
-29.5455 -0.9753 -27.3326 -3.8247 5.0252 0 1 0
-14.7727 -0.9753 -27.3326 -1.6623 5.0252 0 1 0
-14.7727 -0.9753 -27.3326 -1.6623 5.0252 0 1 0
0 -0.9753 -54.665 0.5 8.5503 0 1 0
-14.7727 -0.9753 -54.665 -1.6623 8.5503 0 1 0
0 -0.9753 -54.665 0.5 8.5503 0 1 0
-14.7727 -0.9753 -27.3326 -1.6623 5.0252 0 1 0
0 -0.9753 -27.3326 0.5 5.0252 0 1 0
0 -0.9753 -27.3326 0.5 5.0252 0 1 0
14.7727 -0.9753 -54.665 2.6623 8.5503 0 1 0
0 -0.9753 -54.665 0.5 8.5503 0 1 0
14.7727 -0.9753 -54.665 2.6623 8.5503 0 1 0
0 -0.9753 -27.3326 0.5 5.0252 0 1 0
14.7727 -0.9753 -27.3326 2.6623 5.0252 0 1 0
14.7727 -0.9753 -27.3326 2.6623 5.0252 0 1 0
25.6334 -0.9753 -54.665 4.2521 8.5503 0 1 0
14.7727 -0.9753 -54.665 2.6623 8.5503 0 1 0
29.5455 -0.9753 -51.7526 4.8247 8.1747 0 1 0
14.7727 -0.9753 -27.3326 2.6623 5.0252 0 1 0
29.5455 -0.9753 -27.3326 4.8247 5.0252 0 1 0
14.7727 -0.9753 -27.3326 2.6623 5.0252 0 1 0
26.5371 -0.9753 -53.2132 4.3843 8.3631 0 1 0
25.9916 -0.9753 -53.8527 4.3045 8.4455 0 1 0
14.7727 -0.9753 -27.3326 2.6623 5.0252 0 1 0
28.452 -0.9753 -51.9076 4.6646 8.1947 0 1 0
27.841 -0.9753 -52.224 4.5752 8.2355 0 1 0
14.7727 -0.9753 -27.3326 2.6623 5.0252 0 1 0
25.9916 -0.9753 -53.8527 4.3045 8.4455 0 1 0
25.6334 -0.9753 -54.665 4.2521 8.5503 0 1 0
14.7727 -0.9753 -27.3326 2.6623 5.0252 0 1 0
27.841 -0.9753 -52.224 4.5752 8.2355 0 1 0
27.2365 -0.9753 -52.6087 4.4867 8.2851 0 1 0
14.7727 -0.9753 -27.3326 2.6623 5.0252 0 1 0
27.2365 -0.9753 -52.6087 4.4867 8.2851 0 1 0
26.5371 -0.9753 -53.2132 4.3843 8.3631 0 1 0
14.7727 -0.9753 -27.3326 2.6623 5.0252 0 1 0
29.5455 -0.9753 -51.7526 4.8247 8.1747 0 1 0
28.452 -0.9753 -51.9076 4.6646 8.1947 0 1 0
-26.6301 -0.9753 -53.6645 -3.3979 8.4213 0 1 0
-14.7727 -0.9753 -54.665 -1.6623 8.5503 0 1 0
-26.3059 -0.9753 -54.665 -3.3505 8.5503 0 1 0
-28.4675 -0.9753 -52.2555 -3.6669 8.2396 0 1 0
-14.7727 -0.9753 -54.665 -1.6623 8.5503 0 1 0
-27.3229 -0.9753 -52.9093 -3.4994 8.3239 0 1 0
-29.5455 -0.9753 -51.8839 -3.8247 8.1916 0 1 0
-14.7727 -0.9753 -54.665 -1.6623 8.5503 0 1 0
-28.4675 -0.9753 -52.2555 -3.6669 8.2396 0 1 0
-27.3229 -0.9753 -52.9093 -3.4994 8.3239 0 1 0
-14.7727 -0.9753 -54.665 -1.6623 8.5503 0 1 0
-26.6301 -0.9753 -53.6645 -3.3979 8.4213 0 1 0
26.2029 -0.9753 52.9207 4.3354 -5.339 0 1 0
14.7727 -0.9753 54.665 2.6623 -5.5503 0 1 0
25.9049 -0.9753 53.5439 4.2918 -5.4193 0 1 0
28.2246 -0.9753 51.185 4.6313 -5.1151 0 1 0
14.7727 -0.9753 54.665 2.6623 -5.5503 0 1 0
27.5002 -0.9753 51.5633 4.5253 -5.1639 0 1 0
26.8111 -0.9753 52.0701 4.4244 -5.2293 0 1 0
14.7727 -0.9753 54.665 2.6623 -5.5503 0 1 0
26.2029 -0.9753 52.9207 4.3354 -5.339 0 1 0
27.5002 -0.9753 51.5633 4.5253 -5.1639 0 1 0
14.7727 -0.9753 54.665 2.6623 -5.5503 0 1 0
26.8111 -0.9753 52.0701 4.4244 -5.2293 0 1 0
-14.7727 -0.9753 27.3326 -1.6623 -2.0252 0 1 0
-26.3159 -0.9753 52.8751 -3.352 -5.3331 0 1 0
-26.1389 -0.9753 53.4256 -3.3261 -5.4041 0 1 0
-14.7727 -0.9753 27.3326 -1.6623 -2.0252 0 1 0
-28.4708 -0.9753 51.2491 -3.6674 -5.1234 0 1 0
-27.7057 -0.9753 51.6001 -3.5554 -5.1686 0 1 0
-14.7727 -0.9753 27.3326 -1.6623 -2.0252 0 1 0
-26.1389 -0.9753 53.4256 -3.3261 -5.4041 0 1 0
-25.9873 -0.9753 54.5594 -3.3039 -5.5503 0 1 0
-14.7727 -0.9753 27.3326 -1.6623 -2.0252 0 1 0
-27.7057 -0.9753 51.6001 -3.5554 -5.1686 0 1 0
-26.9181 -0.9753 52.1163 -3.4401 -5.2352 0 1 0
-14.7727 -0.9753 27.3326 -1.6623 -2.0252 0 1 0
-26.9181 -0.9753 52.1163 -3.4401 -5.2352 0 1 0
-26.3159 -0.9753 52.8751 -3.352 -5.3331 0 1 0
-14.7727 -0.9753 27.3326 -1.6623 -2.0252 0 1 0
-29.5455 -0.9753 51.0013 -3.8247 -5.0914 0 1 0
-28.4708 -0.9753 51.2491 -3.6674 -5.1234 0 1 0
