Vertex Count: 648

Data:

63.0401 0.3697 -0.2134 0.4913 1.495 1 -0 0
63.0401 0.4269 -0 0.49 1.5 1 0 -0
63.0401 -0 -0 0.5 1.5 1 0 -0
63.0401 0.2134 -0.3697 0.495 1.4913 1 -0 -0
63.0401 0.3697 -0.2134 0.4913 1.495 1 -0 0
63.0401 -0 -0 0.5 1.5 1 0 -0
63.0401 -0 -0.4269 0.5 1.49 1 0 -0
63.0401 0.2134 -0.3697 0.495 1.4913 1 -0 -0
63.0401 -0 -0 0.5 1.5 1 0 -0
63.0401 -0.2134 -0.3697 0.505 1.4913 1 -0 0
63.0401 -0 -0.4269 0.5 1.49 1 0 -0
63.0401 -0 -0 0.5 1.5 1 0 -0
63.0401 -0.3697 -0.2134 0.5087 1.495 1 -0 -0
63.0401 -0.2134 -0.3697 0.505 1.4913 1 -0 0
63.0401 -0 -0 0.5 1.5 1 0 -0
63.0401 -0.4269 -0 0.51 1.5 1 0 -0
63.0401 -0.3697 -0.2134 0.5087 1.495 1 -0 -0
63.0401 -0 -0 0.5 1.5 1 0 -0
63.0401 -0.3697 0.2134 0.5087 1.505 1 -0 0
63.0401 -0.4269 -0 0.51 1.5 1 0 -0
63.0401 -0 -0 0.5 1.5 1 0 -0
63.0401 -0.2134 0.3697 0.505 1.5087 1 -0 -0
63.0401 -0.3697 0.2134 0.5087 1.505 1 -0 0
63.0401 -0 -0 0.5 1.5 1 0 -0
63.0401 -0 0.4269 0.5 1.51 1 0 -0
63.0401 -0.2134 0.3697 0.505 1.5087 1 -0 -0
63.0401 -0 -0 0.5 1.5 1 0 -0
63.0401 0.2134 0.3697 0.495 1.5087 1 -0 0
63.0401 -0 0.4269 0.5 1.51 1 0 -0
63.0401 -0 -0 0.5 1.5 1 0 -0
63.0401 0.3697 0.2134 0.4913 1.505 1 -0 -0
63.0401 0.2134 0.3697 0.495 1.5087 1 -0 0
63.0401 -0 -0 0.5 1.5 1 0 -0
63.0401 0.4269 -0 0.49 1.5 1 0 -0
63.0401 0.3697 0.2134 0.4913 1.505 1 -0 -0
63.0401 -0 -0 0.5 1.5 1 0 -0
62.5012 0.3697 -0.2134 0.505 2.194 -0 0.866 -0.5
62.5012 0.4269 -0 0.5 2.194 -0 1 -0
63.0401 0.4269 -0 0.5 2.2066 -0 0.9659 0.2589
63.0401 0.3697 -0.2134 0.505 2.2066 0 0.7071 -0.7071
62.5012 0.3697 -0.2134 0.505 2.194 -0 0.866 -0.5
63.0401 0.4269 -0 0.5 2.2066 -0 0.9659 0.2589
62.5012 0.2134 -0.3697 0.5087 2.194 0 0.7071 -0.7071
62.5012 0.3697 -0.2134 0.505 2.194 -0 0.866 -0.5
63.0401 0.3697 -0.2134 0.505 2.2066 0 0.7071 -0.7071
63.0401 0.2134 -0.3697 0.5087 2.2066 0 0.7071 -0.7071
62.5012 0.2134 -0.3697 0.5087 2.194 0 0.7071 -0.7071
63.0401 0.3697 -0.2134 0.505 2.2066 0 0.7071 -0.7071
62.5012 -0 -0.4269 0.5 2.194 0 -0 -1
62.5012 0.2134 -0.3697 0.495 2.194 0 0.2588 -0.9659
63.0401 0.2134 -0.3697 0.495 2.2066 -0 0.2588 -0.9659
63.0401 -0 -0.4269 0.5 2.2066 0 -0.2588 -0.9659
62.5012 -0 -0.4269 0.5 2.194 0 -0 -1
63.0401 0.2134 -0.3697 0.495 2.2066 -0 0.2588 -0.9659
62.5012 -0.2135 -0.3697 0.505 2.194 0 -0.5 -0.866
62.5012 -0 -0.4269 0.5 2.194 0 -0 -1
63.0401 -0 -0.4269 0.5 2.2066 0 -0.2588 -0.9659
63.0401 -0.2134 -0.3697 0.505 2.2066 0 -0.7071 -0.7071
62.5012 -0.2135 -0.3697 0.505 2.194 0 -0.5 -0.866
63.0401 -0 -0.4269 0.5 2.2066 0 -0.2588 -0.9659
62.5012 -0.3697 -0.2134 0.5087 2.194 0 -0.7071 -0.7071
62.5012 -0.2135 -0.3697 0.505 2.194 0 -0.5 -0.866
63.0401 -0.2134 -0.3697 0.505 2.2066 0 -0.7071 -0.7071
63.0401 -0.3697 -0.2134 0.5087 2.2066 0 -0.7071 -0.7071
62.5012 -0.3697 -0.2134 0.5087 2.194 0 -0.7071 -0.7071
63.0401 -0.2134 -0.3697 0.505 2.2066 0 -0.7071 -0.7071
62.5012 -0.4269 -0 0.5 2.194 0 -1 -0
62.5012 -0.3697 -0.2134 0.495 2.194 0 -0.9659 -0.2588
63.0401 -0.3697 -0.2134 0.495 2.2066 -0 -0.9659 -0.2589
63.0401 -0.4269 -0 0.5 2.2066 0 -0.9659 0.2589
62.5012 -0.4269 -0 0.5 2.194 0 -1 -0
63.0401 -0.3697 -0.2134 0.495 2.2066 -0 -0.9659 -0.2589
62.5012 -0.3697 0.2134 0.505 2.194 -0 -0.866 0.5
62.5012 -0.4269 -0 0.5 2.194 0 -1 -0
63.0401 -0.4269 -0 0.5 2.2066 0 -0.9659 0.2589
63.0401 -0.3697 0.2134 0.505 2.2066 0 -0.7071 0.7071
62.5012 -0.3697 0.2134 0.505 2.194 -0 -0.866 0.5
63.0401 -0.4269 -0 0.5 2.2066 0 -0.9659 0.2589
62.5012 -0.2135 0.3697 0.5087 2.194 0 -0.7071 0.7071
62.5012 -0.3697 0.2134 0.505 2.194 -0 -0.866 0.5
63.0401 -0.3697 0.2134 0.505 2.2066 0 -0.7071 0.7071
63.0401 -0.2134 0.3697 0.5087 2.2066 0 -0.7071 0.7071
62.5012 -0.2135 0.3697 0.5087 2.194 0 -0.7071 0.7071
63.0401 -0.3697 0.2134 0.505 2.2066 0 -0.7071 0.7071
62.5012 -0 0.4269 0.5 2.194 -0 -0 1
62.5012 -0.2135 0.3697 0.495 2.194 -0 -0.2588 0.9659
63.0401 -0.2134 0.3697 0.495 2.2066 0 -0.2588 0.9659
63.0401 -0 0.4269 0.5 2.2066 0 0.2588 0.9659
62.5012 -0 0.4269 0.5 2.194 -0 -0 1
63.0401 -0.2134 0.3697 0.495 2.2066 0 -0.2588 0.9659
62.5012 0.2134 0.3697 0.505 2.194 0 0.2588 0.9659
62.5012 -0 0.4269 0.5 2.194 -0 -0 1
63.0401 -0 0.4269 0.5 2.2066 0 0.2588 0.9659
63.0401 0.2134 0.3697 0.505 2.2066 0 0.2588 0.9659
62.5012 0.2134 0.3697 0.505 2.194 0 0.2588 0.9659
63.0401 -0 0.4269 0.5 2.2066 0 0.2588 0.9659
62.5012 0.3697 0.2134 0.495 2.194 0 0.866 0.5
62.5012 0.2134 0.3697 0.4913 2.194 0 0.7071 0.7071
63.0401 0.2134 0.3697 0.4913 2.2066 -0 0.7071 0.7071
63.0401 0.3697 0.2134 0.495 2.2066 -0 0.9659 0.2589
62.5012 0.3697 0.2134 0.495 2.194 0 0.866 0.5
63.0401 0.2134 0.3697 0.4913 2.2066 -0 0.7071 0.7071
62.5012 0.4269 -0 0.5 2.194 -0 1 -0
62.5012 0.3697 0.2134 0.495 2.194 0 0.866 0.5
63.0401 0.3697 0.2134 0.495 2.2066 -0 0.9659 0.2589
63.0401 0.4269 -0 0.5 2.2066 -0 0.9659 0.2589
62.5012 0.4269 -0 0.5 2.194 -0 1 -0
63.0401 0.3697 0.2134 0.495 2.2066 -0 0.9659 0.2589
61.9941 0.3697 -0.2134 0.505 2.1821 0 0.866 -0.5
61.9941 0.4269 -0 0.5 2.1821 0 1 -0
62.5012 0.4269 -0 0.5 2.194 -0 1 -0
62.5012 0.3697 -0.2134 0.505 2.194 -0 0.866 -0.5
61.9941 0.3697 -0.2134 0.505 2.1821 0 0.866 -0.5
62.5012 0.4269 -0 0.5 2.194 -0 1 -0
61.9941 0.2134 -0.3697 0.5087 2.1821 0 0.7071 -0.7071
61.9941 0.3697 -0.2134 0.505 2.1821 0 0.866 -0.5
62.5012 0.3697 -0.2134 0.505 2.194 -0 0.866 -0.5
62.5012 0.2134 -0.3697 0.5087 2.194 0 0.7071 -0.7071
61.9941 0.2134 -0.3697 0.5087 2.1821 0 0.7071 -0.7071
62.5012 0.3697 -0.2134 0.505 2.194 -0 0.866 -0.5
61.9941 -0 -0.4269 0.5 2.1821 0 -0 -1
61.9941 0.2134 -0.3697 0.495 2.1821 0 0.2588 -0.9659
62.5012 0.2134 -0.3697 0.495 2.194 0 0.2588 -0.9659
62.5012 -0 -0.4269 0.5 2.194 0 -0 -1
61.9941 -0 -0.4269 0.5 2.1821 0 -0 -1
62.5012 0.2134 -0.3697 0.495 2.194 0 0.2588 -0.9659
61.9941 -0.2134 -0.3697 0.505 2.1821 -0 -0.5 -0.866
61.9941 -0 -0.4269 0.5 2.1821 0 -0 -1
62.5012 -0 -0.4269 0.5 2.194 0 -0 -1
62.5012 -0.2135 -0.3697 0.505 2.194 0 -0.5 -0.866
61.9941 -0.2134 -0.3697 0.505 2.1821 -0 -0.5 -0.866
62.5012 -0 -0.4269 0.5 2.194 0 -0 -1
61.9941 -0.3697 -0.2134 0.5087 2.1821 -0 -0.7071 -0.7071
61.9941 -0.2134 -0.3697 0.505 2.1821 -0 -0.5 -0.866
62.5012 -0.2135 -0.3697 0.505 2.194 0 -0.5 -0.866
62.5012 -0.3697 -0.2134 0.5087 2.194 0 -0.7071 -0.7071
61.9941 -0.3697 -0.2134 0.5087 2.1821 -0 -0.7071 -0.7071
62.5012 -0.2135 -0.3697 0.505 2.194 0 -0.5 -0.866
61.9941 -0.4269 -0 0.5 2.1821 0 -1 0
61.9941 -0.3697 -0.2134 0.495 2.1821 -0 -0.9659 -0.2588
62.5012 -0.3697 -0.2134 0.495 2.194 0 -0.9659 -0.2588
62.5012 -0.4269 -0 0.5 2.194 0 -1 -0
61.9941 -0.4269 -0 0.5 2.1821 0 -1 0
62.5012 -0.3697 -0.2134 0.495 2.194 0 -0.9659 -0.2588
61.9941 -0.3697 0.2134 0.505 2.1821 0 -0.866 0.5
61.9941 -0.4269 -0 0.5 2.1821 0 -1 0
62.5012 -0.4269 -0 0.5 2.194 0 -1 -0
62.5012 -0.3697 0.2134 0.505 2.194 -0 -0.866 0.5
61.9941 -0.3697 0.2134 0.505 2.1821 0 -0.866 0.5
62.5012 -0.4269 -0 0.5 2.194 0 -1 -0
61.9941 -0.2134 0.3697 0.5087 2.1821 -0 -0.7071 0.7071
61.9941 -0.3697 0.2134 0.505 2.1821 0 -0.866 0.5
62.5012 -0.3697 0.2134 0.505 2.194 -0 -0.866 0.5
62.5012 -0.2135 0.3697 0.5087 2.194 0 -0.7071 0.7071
61.9941 -0.2134 0.3697 0.5087 2.1821 -0 -0.7071 0.7071
62.5012 -0.3697 0.2134 0.505 2.194 -0 -0.866 0.5
61.9941 -0 0.4269 0.5 2.1821 -0 -0 1
61.9941 -0.2134 0.3697 0.495 2.1821 -0 -0.2588 0.9659
62.5012 -0.2135 0.3697 0.495 2.194 -0 -0.2588 0.9659
62.5012 -0 0.4269 0.5 2.194 -0 -0 1
61.9941 -0 0.4269 0.5 2.1821 -0 -0 1
62.5012 -0.2135 0.3697 0.495 2.194 -0 -0.2588 0.9659
61.9941 0.2134 0.3697 0.505 2.1821 0 0.2588 0.9659
61.9941 -0 0.4269 0.5 2.1821 -0 -0 1
62.5012 -0 0.4269 0.5 2.194 -0 -0 1
62.5012 0.2134 0.3697 0.505 2.194 0 0.2588 0.9659
61.9941 0.2134 0.3697 0.505 2.1821 0 0.2588 0.9659
62.5012 -0 0.4269 0.5 2.194 -0 -0 1
61.9941 0.3697 0.2134 0.495 2.1821 0 0.866 0.5
61.9941 0.2134 0.3697 0.4913 2.1821 0 0.7071 0.7071
62.5012 0.2134 0.3697 0.4913 2.194 0 0.7071 0.7071
62.5012 0.3697 0.2134 0.495 2.194 0 0.866 0.5
61.9941 0.3697 0.2134 0.495 2.1821 0 0.866 0.5
62.5012 0.2134 0.3697 0.4913 2.194 0 0.7071 0.7071
61.9941 0.4269 -0 0.5 2.1821 0 1 -0
61.9941 0.3697 0.2134 0.495 2.1821 0 0.866 0.5
62.5012 0.3697 0.2134 0.495 2.194 0 0.866 0.5
62.5012 0.4269 -0 0.5 2.194 -0 1 -0
61.9941 0.4269 -0 0.5 2.1821 0 1 -0
62.5012 0.3697 0.2134 0.495 2.194 0 0.866 0.5
47.3809 0.3697 -0.2134 0.505 1.8398 -0 0.866 -0.5
47.3809 0.4269 -0 0.5 1.8398 0 1 -0
61.9941 0.4269 -0 0.5 2.1821 0 1 -0
61.9941 0.3697 -0.2134 0.505 2.1821 0 0.866 -0.5
47.3809 0.3697 -0.2134 0.505 1.8398 -0 0.866 -0.5
61.9941 0.4269 -0 0.5 2.1821 0 1 -0
47.3809 0.2134 -0.3697 0.5087 1.8398 -0 0.7071 -0.7071
47.3809 0.3697 -0.2134 0.505 1.8398 -0 0.866 -0.5
61.9941 0.3697 -0.2134 0.505 2.1821 0 0.866 -0.5
61.9941 0.2134 -0.3697 0.5087 2.1821 0 0.7071 -0.7071
47.3809 0.2134 -0.3697 0.5087 1.8398 -0 0.7071 -0.7071
61.9941 0.3697 -0.2134 0.505 2.1821 0 0.866 -0.5
47.3809 0 -0.4269 0.5 1.8398 -0 0 -1
47.3809 0.2134 -0.3697 0.495 1.8398 -0 0.2588 -0.9659
61.9941 0.2134 -0.3697 0.495 2.1821 0 0.2588 -0.9659
61.9941 -0 -0.4269 0.5 2.1821 0 -0 -1
47.3809 0 -0.4269 0.5 1.8398 -0 0 -1
61.9941 0.2134 -0.3697 0.495 2.1821 0 0.2588 -0.9659
47.3809 -0.2135 -0.3697 0.505 1.8398 -0 -0.5 -0.866
47.3809 0 -0.4269 0.5 1.8398 -0 0 -1
61.9941 -0 -0.4269 0.5 2.1821 0 -0 -1
61.9941 -0.2134 -0.3697 0.505 2.1821 -0 -0.5 -0.866
47.3809 -0.2135 -0.3697 0.505 1.8398 -0 -0.5 -0.866
61.9941 -0 -0.4269 0.5 2.1821 0 -0 -1
47.3809 -0.3697 -0.2134 0.5087 1.8398 0 -0.7071 -0.7071
47.3809 -0.2135 -0.3697 0.505 1.8398 -0 -0.5 -0.866
61.9941 -0.2134 -0.3697 0.505 2.1821 -0 -0.5 -0.866
61.9941 -0.3697 -0.2134 0.5087 2.1821 -0 -0.7071 -0.7071
47.3809 -0.3697 -0.2134 0.5087 1.8398 0 -0.7071 -0.7071
61.9941 -0.2134 -0.3697 0.505 2.1821 -0 -0.5 -0.866
47.3809 -0.4269 -0 0.5 1.8398 0 -1 -0
47.3809 -0.3697 -0.2134 0.495 1.8398 0 -0.9659 -0.2588
61.9941 -0.3697 -0.2134 0.495 2.1821 -0 -0.9659 -0.2588
61.9941 -0.4269 -0 0.5 2.1821 0 -1 0
47.3809 -0.4269 -0 0.5 1.8398 0 -1 -0
61.9941 -0.3697 -0.2134 0.495 2.1821 -0 -0.9659 -0.2588
47.3809 -0.3697 0.2134 0.505 1.8398 0 -0.866 0.5
47.3809 -0.4269 -0 0.5 1.8398 0 -1 -0
61.9941 -0.4269 -0 0.5 2.1821 0 -1 0
61.9941 -0.3697 0.2134 0.505 2.1821 0 -0.866 0.5
47.3809 -0.3697 0.2134 0.505 1.8398 0 -0.866 0.5
61.9941 -0.4269 -0 0.5 2.1821 0 -1 0
47.3809 -0.2135 0.3697 0.5087 1.8398 -0 -0.7071 0.7071
47.3809 -0.3697 0.2134 0.505 1.8398 0 -0.866 0.5
61.9941 -0.3697 0.2134 0.505 2.1821 0 -0.866 0.5
61.9941 -0.2134 0.3697 0.5087 2.1821 -0 -0.7071 0.7071
47.3809 -0.2135 0.3697 0.5087 1.8398 -0 -0.7071 0.7071
61.9941 -0.3697 0.2134 0.505 2.1821 0 -0.866 0.5
47.3809 0 0.4269 0.5 1.8398 0 0 1
47.3809 -0.2135 0.3697 0.495 1.8398 0 -0.2588 0.9659
61.9941 -0.2134 0.3697 0.495 2.1821 -0 -0.2588 0.9659
61.9941 -0 0.4269 0.5 2.1821 -0 -0 1
47.3809 0 0.4269 0.5 1.8398 0 0 1
61.9941 -0.2134 0.3697 0.495 2.1821 -0 -0.2588 0.9659
47.3809 0.2134 0.3697 0.505 1.8398 -0 0.2588 0.9659
47.3809 0 0.4269 0.5 1.8398 0 0 1
61.9941 -0 0.4269 0.5 2.1821 -0 -0 1
61.9941 0.2134 0.3697 0.505 2.1821 0 0.2588 0.9659
47.3809 0.2134 0.3697 0.505 1.8398 -0 0.2588 0.9659
61.9941 -0 0.4269 0.5 2.1821 -0 -0 1
47.3809 0.3697 0.2134 0.495 1.8398 0 0.866 0.5
47.3809 0.2134 0.3697 0.4913 1.8398 -0 0.7071 0.7071
61.9941 0.2134 0.3697 0.4913 2.1821 0 0.7071 0.7071
61.9941 0.3697 0.2134 0.495 2.1821 0 0.866 0.5
47.3809 0.3697 0.2134 0.495 1.8398 0 0.866 0.5
61.9941 0.2134 0.3697 0.4913 2.1821 0 0.7071 0.7071
47.3809 0.4269 -0 0.5 1.8398 0 1 -0
47.3809 0.3697 0.2134 0.495 1.8398 0 0.866 0.5
61.9941 0.3697 0.2134 0.495 2.1821 0 0.866 0.5
61.9941 0.4269 -0 0.5 2.1821 0 1 -0
47.3809 0.4269 -0 0.5 1.8398 0 1 -0
61.9941 0.3697 0.2134 0.495 2.1821 0 0.866 0.5
46.9766 0.3697 -0.2134 0.505 1.8303 -0.0018 0.866 -0.5
46.9766 0.4269 -0 0.5 1.8303 -0.0018 1 -0
47.3809 0.4269 -0 0.5 1.8398 0 1 -0
47.3809 0.3697 -0.2134 0.505 1.8398 -0 0.866 -0.5
46.9766 0.3697 -0.2134 0.505 1.8303 -0.0018 0.866 -0.5
47.3809 0.4269 -0 0.5 1.8398 0 1 -0
46.9766 0.2134 -0.3697 0.5087 1.8303 -0.0018 0.7071 -0.7071
46.9766 0.3697 -0.2134 0.505 1.8303 -0.0018 0.866 -0.5
47.3809 0.3697 -0.2134 0.505 1.8398 -0 0.866 -0.5
47.3809 0.2134 -0.3697 0.5087 1.8398 -0 0.7071 -0.7071
46.9766 0.2134 -0.3697 0.5087 1.8303 -0.0018 0.7071 -0.7071
47.3809 0.3697 -0.2134 0.505 1.8398 -0 0.866 -0.5
46.9766 -0 -0.4269 0.5 1.8303 -0.0018 -0 -1
46.9766 0.2134 -0.3697 0.495 1.8303 -0.0035 0.2588 -0.9659
47.3809 0.2134 -0.3697 0.495 1.8398 -0 0.2588 -0.9659
47.3809 0 -0.4269 0.5 1.8398 -0 0 -1
46.9766 -0 -0.4269 0.5 1.8303 -0.0018 -0 -1
47.3809 0.2134 -0.3697 0.495 1.8398 -0 0.2588 -0.9659
46.9766 -0.2134 -0.3697 0.505 1.8303 -0.0018 -0.5 -0.866
46.9766 -0 -0.4269 0.5 1.8303 -0.0018 -0 -1
47.3809 0 -0.4269 0.5 1.8398 -0 0 -1
47.3809 -0.2135 -0.3697 0.505 1.8398 -0 -0.5 -0.866
46.9766 -0.2134 -0.3697 0.505 1.8303 -0.0018 -0.5 -0.866
47.3809 0 -0.4269 0.5 1.8398 -0 0 -1
46.9766 -0.3697 -0.2134 0.5087 1.8303 -0.0018 -0.7071 -0.7071
46.9766 -0.2134 -0.3697 0.505 1.8303 -0.0018 -0.5 -0.866
47.3809 -0.2135 -0.3697 0.505 1.8398 -0 -0.5 -0.866
47.3809 -0.3697 -0.2134 0.5087 1.8398 0 -0.7071 -0.7071
46.9766 -0.3697 -0.2134 0.5087 1.8303 -0.0018 -0.7071 -0.7071
47.3809 -0.2135 -0.3697 0.505 1.8398 -0 -0.5 -0.866
46.9766 -0.4269 -0 0.5 1.8303 -0.0018 -1 -0
46.9766 -0.3697 -0.2134 0.495 1.8303 -0.0035 -0.9659 -0.2588
47.3809 -0.3697 -0.2134 0.495 1.8398 0 -0.9659 -0.2588
47.3809 -0.4269 -0 0.5 1.8398 0 -1 -0
46.9766 -0.4269 -0 0.5 1.8303 -0.0018 -1 -0
47.3809 -0.3697 -0.2134 0.495 1.8398 0 -0.9659 -0.2588
46.9766 -0.3697 0.2134 0.505 1.8303 -0.0018 -0.866 0.5
46.9766 -0.4269 -0 0.5 1.8303 -0.0018 -1 -0
47.3809 -0.4269 -0 0.5 1.8398 0 -1 -0
47.3809 -0.3697 0.2134 0.505 1.8398 0 -0.866 0.5
46.9766 -0.3697 0.2134 0.505 1.8303 -0.0018 -0.866 0.5
47.3809 -0.4269 -0 0.5 1.8398 0 -1 -0
46.9766 -0.2134 0.3697 0.5087 1.8303 -0.0018 -0.7071 0.7071
46.9766 -0.3697 0.2134 0.505 1.8303 -0.0018 -0.866 0.5
47.3809 -0.3697 0.2134 0.505 1.8398 0 -0.866 0.5
47.3809 -0.2135 0.3697 0.5087 1.8398 -0 -0.7071 0.7071
46.9766 -0.2134 0.3697 0.5087 1.8303 -0.0018 -0.7071 0.7071
47.3809 -0.3697 0.2134 0.505 1.8398 0 -0.866 0.5
46.9766 -0 0.4269 0.5 1.8303 -0.0018 -0 1
46.9766 -0.2134 0.3697 0.495 1.8303 -0.0035 -0.2588 0.9659
47.3809 -0.2135 0.3697 0.495 1.8398 0 -0.2588 0.9659
47.3809 0 0.4269 0.5 1.8398 0 0 1
46.9766 -0 0.4269 0.5 1.8303 -0.0018 -0 1
47.3809 -0.2135 0.3697 0.495 1.8398 0 -0.2588 0.9659
46.9766 0.2134 0.3697 0.505 1.8303 -0.0018 0.2608 0.9654
46.9766 -0 0.4269 0.5 1.8303 -0.0018 -0 1
47.3809 0 0.4269 0.5 1.8398 0 0 1
47.3809 0.2134 0.3697 0.505 1.8398 -0 0.2588 0.9659
46.9766 0.2134 0.3697 0.505 1.8303 -0.0018 0.2608 0.9654
47.3809 0 0.4269 0.5 1.8398 0 0 1
46.9766 0.3697 0.2134 0.495 1.8303 -0.0018 0.866 0.5
46.9766 0.2134 0.3697 0.4913 1.8303 -0.0035 0.7071 0.7071
47.3809 0.2134 0.3697 0.4913 1.8398 -0 0.7071 0.7071
47.3809 0.3697 0.2134 0.495 1.8398 0 0.866 0.5
46.9766 0.3697 0.2134 0.495 1.8303 -0.0018 0.866 0.5
47.3809 0.2134 0.3697 0.4913 1.8398 -0 0.7071 0.7071
46.9766 0.4269 -0 0.5 1.8303 -0.0018 1 -0
46.9766 0.3697 0.2134 0.495 1.8303 -0.0018 0.866 0.5
47.3809 0.3697 0.2134 0.495 1.8398 0 0.866 0.5
47.3809 0.4269 -0 0.5 1.8398 0 1 -0
46.9766 0.4269 -0 0.5 1.8303 -0.0018 1 -0
47.3809 0.3697 0.2134 0.495 1.8398 0 0.866 0.5
31.8175 0.3216 -0.1857 0.5044 1.4752 -0.0018 0.866 -0.5
31.8175 0.3714 -0 0.5 1.4752 -0.0018 1 0
46.9766 0.4269 -0 0.5 1.8303 -0.0018 1 -0
46.9766 0.3697 -0.2134 0.505 1.8303 -0.0018 0.866 -0.5
31.8175 0.3216 -0.1857 0.5044 1.4752 -0.0018 0.866 -0.5
46.9766 0.4269 -0 0.5 1.8303 -0.0018 1 -0
31.8175 0.1857 -0.3216 0.5075 1.4752 -0.0018 0.7071 -0.7071
31.8175 0.3216 -0.1857 0.5044 1.4752 -0.0018 0.866 -0.5
46.9766 0.3697 -0.2134 0.505 1.8303 -0.0018 0.866 -0.5
46.9766 0.2134 -0.3697 0.5087 1.8303 -0.0018 0.7071 -0.7071
31.8175 0.1857 -0.3216 0.5075 1.4752 -0.0018 0.7071 -0.7071
46.9766 0.3697 -0.2134 0.505 1.8303 -0.0018 0.866 -0.5
31.8175 -0 -0.3714 0.5 1.4752 -0.0018 -0 -1
31.8175 0.1857 -0.3216 0.4956 1.4752 0 0.2589 -0.9659
46.9766 0.2134 -0.3697 0.495 1.8303 -0.0035 0.2588 -0.9659
46.9766 -0 -0.4269 0.5 1.8303 -0.0018 -0 -1
31.8175 -0 -0.3714 0.5 1.4752 -0.0018 -0 -1
46.9766 0.2134 -0.3697 0.495 1.8303 -0.0035 0.2588 -0.9659
31.8175 -0.1857 -0.3216 0.5044 1.4752 -0.0018 -0.5 -0.866
31.8175 -0 -0.3714 0.5 1.4752 -0.0018 -0 -1
46.9766 -0 -0.4269 0.5 1.8303 -0.0018 -0 -1
46.9766 -0.2134 -0.3697 0.505 1.8303 -0.0018 -0.5 -0.866
31.8175 -0.1857 -0.3216 0.5044 1.4752 -0.0018 -0.5 -0.866
46.9766 -0 -0.4269 0.5 1.8303 -0.0018 -0 -1
31.8175 -0.3216 -0.1857 0.5075 1.4752 -0.0018 -0.7071 -0.7071
31.8175 -0.1857 -0.3216 0.5044 1.4752 -0.0018 -0.5 -0.866
46.9766 -0.2134 -0.3697 0.505 1.8303 -0.0018 -0.5 -0.866
46.9766 -0.3697 -0.2134 0.5087 1.8303 -0.0018 -0.7071 -0.7071
31.8175 -0.3216 -0.1857 0.5075 1.4752 -0.0018 -0.7071 -0.7071
46.9766 -0.2134 -0.3697 0.505 1.8303 -0.0018 -0.5 -0.866
31.8175 -0.3714 -0 0.5 1.4752 -0.0018 -1 0
31.8175 -0.3216 -0.1857 0.4956 1.4752 0 -0.9659 -0.2588
46.9766 -0.3697 -0.2134 0.495 1.8303 -0.0035 -0.9659 -0.2588
46.9766 -0.4269 -0 0.5 1.8303 -0.0018 -1 -0
31.8175 -0.3714 -0 0.5 1.4752 -0.0018 -1 0
46.9766 -0.3697 -0.2134 0.495 1.8303 -0.0035 -0.9659 -0.2588
31.8175 -0.3216 0.1857 0.5044 1.4752 -0.0018 -0.866 0.5
31.8175 -0.3714 -0 0.5 1.4752 -0.0018 -1 0
46.9766 -0.4269 -0 0.5 1.8303 -0.0018 -1 -0
46.9766 -0.3697 0.2134 0.505 1.8303 -0.0018 -0.866 0.5
31.8175 -0.3216 0.1857 0.5044 1.4752 -0.0018 -0.866 0.5
46.9766 -0.4269 -0 0.5 1.8303 -0.0018 -1 -0
31.8175 -0.1857 0.3216 0.5075 1.4752 -0.0018 -0.7071 0.7071
31.8175 -0.3216 0.1857 0.5044 1.4752 -0.0018 -0.866 0.5
46.9766 -0.3697 0.2134 0.505 1.8303 -0.0018 -0.866 0.5
46.9766 -0.2134 0.3697 0.5087 1.8303 -0.0018 -0.7071 0.7071
31.8175 -0.1857 0.3216 0.5075 1.4752 -0.0018 -0.7071 0.7071
46.9766 -0.3697 0.2134 0.505 1.8303 -0.0018 -0.866 0.5
31.8175 -0 0.3714 0.5 1.4752 -0.0018 -0 1
31.8175 -0.1857 0.3216 0.4956 1.4752 -0 -0.2588 0.9659
46.9766 -0.2134 0.3697 0.495 1.8303 -0.0035 -0.2588 0.9659
46.9766 -0 0.4269 0.5 1.8303 -0.0018 -0 1
31.8175 -0 0.3714 0.5 1.4752 -0.0018 -0 1
46.9766 -0.2134 0.3697 0.495 1.8303 -0.0035 -0.2588 0.9659
31.8175 0.1857 0.3216 0.5044 1.4752 -0.002 0.4798 0.8774
31.8175 -0 0.3714 0.5 1.4752 -0.0018 -0 1
46.9766 -0 0.4269 0.5 1.8303 -0.0018 -0 1
46.9766 0.2134 0.3697 0.505 1.8303 -0.0018 0.2608 0.9654
31.8175 0.1857 0.3216 0.5044 1.4752 -0.002 0.4798 0.8774
46.9766 -0 0.4269 0.5 1.8303 -0.0018 -0 1
31.8175 0.3216 0.1857 0.5075 1.4752 -0.0018 0.7071 0.7071
31.8175 0.1857 0.3216 0.5044 1.4752 -0.002 0.4798 0.8774
46.9766 0.2134 0.3697 0.505 1.8303 -0.0018 0.2608 0.9654
46.9766 0.3697 0.2134 0.495 1.8303 -0.0018 0.866 0.5
31.8175 0.3216 0.1857 0.4956 1.4752 -0 0.9659 0.2589
46.9766 0.2134 0.3697 0.4913 1.8303 -0.0035 0.7071 0.7071
31.8175 0.3714 -0 0.5 1.4752 -0.0018 1 0
31.8175 0.3216 0.1857 0.4956 1.4752 -0 0.9659 0.2589
46.9766 0.3697 0.2134 0.495 1.8303 -0.0018 0.866 0.5
46.9766 0.4269 -0 0.5 1.8303 -0.0018 1 -0
31.8175 0.3714 -0 0.5 1.4752 -0.0018 1 0
46.9766 0.3697 0.2134 0.495 1.8303 -0.0018 0.866 0.5
31.4656 0.3216 -0.1857 0.5044 1.4669 -0.0035 0.866 -0.5
31.4656 0.3714 -0 0.5 1.4669 -0.0035 1 0
31.8175 0.3714 -0 0.5 1.4752 -0.0018 1 0
31.8175 0.3216 -0.1857 0.5044 1.4752 -0.0018 0.866 -0.5
31.4656 0.3216 -0.1857 0.5044 1.4669 -0.0035 0.866 -0.5
31.8175 0.3714 -0 0.5 1.4752 -0.0018 1 0
31.4656 0.1857 -0.3216 0.5075 1.4669 -0.0033 0.7071 -0.7071
31.4656 0.3216 -0.1857 0.5044 1.4669 -0.0035 0.866 -0.5
31.8175 0.3216 -0.1857 0.5044 1.4752 -0.0018 0.866 -0.5
31.8175 0.1857 -0.3216 0.5075 1.4752 -0.0018 0.7071 -0.7071
31.4656 0.1857 -0.3216 0.5075 1.4669 -0.0033 0.7071 -0.7071
31.8175 0.3216 -0.1857 0.5044 1.4752 -0.0018 0.866 -0.5
31.4656 -0 -0.3714 0.5 1.4669 -0.0035 0 -1
31.4656 0.1857 -0.3216 0.4956 1.4669 -0.0067 0.2589 -0.9659
31.8175 0.1857 -0.3216 0.4956 1.4752 0 0.2589 -0.9659
31.8175 -0 -0.3714 0.5 1.4752 -0.0018 -0 -1
31.4656 -0 -0.3714 0.5 1.4669 -0.0035 0 -1
31.8175 0.1857 -0.3216 0.4956 1.4752 0 0.2589 -0.9659
31.4656 -0.1857 -0.3216 0.5044 1.4669 -0.0035 -0.5 -0.866
31.4656 -0 -0.3714 0.5 1.4669 -0.0035 0 -1
31.8175 -0 -0.3714 0.5 1.4752 -0.0018 -0 -1
31.8175 -0.1857 -0.3216 0.5044 1.4752 -0.0018 -0.5 -0.866
31.4656 -0.1857 -0.3216 0.5044 1.4669 -0.0035 -0.5 -0.866
31.8175 -0 -0.3714 0.5 1.4752 -0.0018 -0 -1
31.4656 -0.3216 -0.1857 0.5075 1.4669 -0.0033 -0.7071 -0.7071
31.4656 -0.1857 -0.3216 0.5044 1.4669 -0.0035 -0.5 -0.866
31.8175 -0.1857 -0.3216 0.5044 1.4752 -0.0018 -0.5 -0.866
31.8175 -0.3216 -0.1857 0.5075 1.4752 -0.0018 -0.7071 -0.7071
31.4656 -0.3216 -0.1857 0.5075 1.4669 -0.0033 -0.7071 -0.7071
31.8175 -0.1857 -0.3216 0.5044 1.4752 -0.0018 -0.5 -0.866
31.4656 -0.3714 -0 0.5 1.4669 -0.0035 -1 0
31.4656 -0.3216 -0.1857 0.4956 1.4669 -0.0067 -0.9659 -0.2589
31.8175 -0.3216 -0.1857 0.4956 1.4752 0 -0.9659 -0.2588
31.8175 -0.3714 -0 0.5 1.4752 -0.0018 -1 0
31.4656 -0.3714 -0 0.5 1.4669 -0.0035 -1 0
31.8175 -0.3216 -0.1857 0.4956 1.4752 0 -0.9659 -0.2588
31.4656 -0.3216 0.1857 0.5044 1.4669 -0.0035 -0.866 0.5
31.4656 -0.3714 -0 0.5 1.4669 -0.0035 -1 0
31.8175 -0.3714 -0 0.5 1.4752 -0.0018 -1 0
31.8175 -0.3216 0.1857 0.5044 1.4752 -0.0018 -0.866 0.5
31.4656 -0.3216 0.1857 0.5044 1.4669 -0.0035 -0.866 0.5
31.8175 -0.3714 -0 0.5 1.4752 -0.0018 -1 0
31.4656 -0.1857 0.3216 0.5075 1.4669 -0.0033 -0.7071 0.7071
31.4656 -0.3216 0.1857 0.5044 1.4669 -0.0035 -0.866 0.5
31.8175 -0.3216 0.1857 0.5044 1.4752 -0.0018 -0.866 0.5
31.8175 -0.1857 0.3216 0.5075 1.4752 -0.0018 -0.7071 0.7071
31.4656 -0.1857 0.3216 0.5075 1.4669 -0.0033 -0.7071 0.7071
31.8175 -0.3216 0.1857 0.5044 1.4752 -0.0018 -0.866 0.5
31.4656 -0 0.3714 0.5 1.4669 -0.0035 0 1
31.4656 -0.1857 0.3216 0.4956 1.4669 -0.0067 -0.2587 0.9659
31.8175 -0.1857 0.3216 0.4956 1.4752 -0 -0.2588 0.9659
31.8175 -0 0.3714 0.5 1.4752 -0.0018 -0 1
31.4656 -0 0.3714 0.5 1.4669 -0.0035 0 1
31.8175 -0.1857 0.3216 0.4956 1.4752 -0 -0.2588 0.9659
31.4656 0.1857 0.3216 0.5044 1.4669 -0.0033 0.2588 0.9659
31.4656 -0 0.3714 0.5 1.4669 -0.0035 0 1
31.8175 -0 0.3714 0.5 1.4752 -0.0018 -0 1
31.8175 0.1857 0.3216 0.5044 1.4752 -0.002 0.4798 0.8774
31.4656 0.1857 0.3216 0.5044 1.4669 -0.0033 0.2588 0.9659
31.8175 -0 0.3714 0.5 1.4752 -0.0018 -0 1
31.4656 0.3216 0.1857 0.4956 1.4669 -0.0038 0.8774 0.4798
31.4656 0.1857 0.3216 0.4925 1.4669 -0.0067 0.7071 0.7071
31.8175 0.1857 0.3216 0.4925 1.4752 0 0.7071 0.7071
31.8175 0.3216 0.1857 0.5075 1.4752 -0.0018 0.7071 0.7071
31.4656 0.3216 0.1857 0.5075 1.4669 0 0.7071 0.7071
31.8175 0.1857 0.3216 0.5044 1.4752 -0.002 0.4798 0.8774
31.4656 0.3714 -0 0.5 1.4669 -0.0035 1 0
31.4656 0.3216 0.1857 0.4956 1.4669 -0.0038 0.8774 0.4798
31.8175 0.3216 0.1857 0.4956 1.4752 -0 0.9659 0.2589
31.8175 0.3714 -0 0.5 1.4752 -0.0018 1 0
31.4656 0.3714 -0 0.5 1.4669 -0.0035 1 0
31.8175 0.3216 0.1857 0.4956 1.4752 -0 0.9659 0.2589
3.3932 0.1531 -0.0884 0.5021 0.8093 -0.0043 0.866 -0.4999
3.3932 0.1768 -0 0.5 0.8093 -0.0044 1 -0
31.4656 0.3714 -0 0.5 1.4669 -0.0035 1 0
31.4656 0.3216 -0.1857 0.5044 1.4669 -0.0035 0.866 -0.5
3.3932 0.1531 -0.0884 0.5021 0.8093 -0.0043 0.866 -0.4999
31.4656 0.3714 -0 0.5 1.4669 -0.0035 1 0
3.3932 0.0884 -0.1531 0.5036 0.8093 -0.004 0.7071 -0.7072
3.3932 0.1531 -0.0884 0.5021 0.8093 -0.0043 0.866 -0.4999
31.4656 0.3216 -0.1857 0.5044 1.4669 -0.0035 0.866 -0.5
31.4656 0.1857 -0.3216 0.5075 1.4669 -0.0033 0.7071 -0.7071
3.3932 0.0884 -0.1531 0.5036 0.8093 -0.004 0.7071 -0.7072
31.4656 0.3216 -0.1857 0.5044 1.4669 -0.0035 0.866 -0.5
3.3932 -0 -0.1768 0.5 0.8093 -0.0035 0.0001 -1
3.3932 0.0884 -0.1531 0.4979 0.8093 -0.0005 0.2587 -0.9659
31.4656 0.1857 -0.3216 0.4956 1.4669 -0.0067 0.2589 -0.9659
31.4656 -0 -0.3714 0.5 1.4669 -0.0035 0 -1
3.3932 -0 -0.1768 0.5 0.8093 -0.0035 0.0001 -1
31.4656 0.1857 -0.3216 0.4956 1.4669 -0.0067 0.2589 -0.9659
3.3932 -0.0884 -0.1531 0.5021 0.8093 -0.0032 -0.4898 -0.8718
3.3932 -0 -0.1768 0.5 0.8093 -0.0035 0.0001 -1
31.4656 -0 -0.3714 0.5 1.4669 -0.0035 0 -1
31.4656 -0.1857 -0.3216 0.5044 1.4669 -0.0035 -0.5 -0.866
3.3932 -0.0884 -0.1531 0.5021 0.8093 -0.0032 -0.4898 -0.8718
31.4656 -0 -0.3714 0.5 1.4669 -0.0035 0 -1
3.3932 -0.1531 -0.0884 0.5036 0.8093 -0.0027 -0.7071 -0.7072
3.3932 -0.0884 -0.1531 0.5021 0.8093 -0.0032 -0.4898 -0.8718
31.4656 -0.1857 -0.3216 0.5044 1.4669 -0.0035 -0.5 -0.866
31.4656 -0.3216 -0.1857 0.5075 1.4669 -0.0033 -0.7071 -0.7071
3.3932 -0.1531 -0.0884 0.5036 0.8093 -0.0027 -0.7071 -0.7072
31.4656 -0.1857 -0.3216 0.5044 1.4669 -0.0035 -0.5 -0.866
3.3932 -0.1768 -0 0.5 0.8093 -0.0025 -1 0
3.3932 -0.1531 -0.0884 0.4979 0.8093 0.0018 -0.9659 -0.2588
31.4656 -0.3216 -0.1857 0.4956 1.4669 -0.0067 -0.9659 -0.2589
31.4656 -0.3714 -0 0.5 1.4669 -0.0035 -1 0
3.3932 -0.1768 -0 0.5 0.8093 -0.0025 -1 0
31.4656 -0.3216 -0.1857 0.4956 1.4669 -0.0067 -0.9659 -0.2589
3.3932 -0.1531 0.0884 0.5021 0.8093 -0.0027 -0.866 0.5001
3.3932 -0.1768 -0 0.5 0.8093 -0.0025 -1 0
31.4656 -0.3714 -0 0.5 1.4669 -0.0035 -1 0
31.4656 -0.3216 0.1857 0.5044 1.4669 -0.0035 -0.866 0.5
3.3932 -0.1531 0.0884 0.5021 0.8093 -0.0027 -0.866 0.5001
31.4656 -0.3714 -0 0.5 1.4669 -0.0035 -1 0
3.3932 -0.0884 0.1531 0.5036 0.8093 -0.0027 -0.7071 0.7072
3.3932 -0.1531 0.0884 0.5021 0.8093 -0.0027 -0.866 0.5001
31.4656 -0.3216 0.1857 0.5044 1.4669 -0.0035 -0.866 0.5
31.4656 -0.1857 0.3216 0.5075 1.4669 -0.0033 -0.7071 0.7071
3.3932 -0.0884 0.1531 0.5036 0.8093 -0.0027 -0.7071 0.7072
31.4656 -0.3216 0.1857 0.5044 1.4669 -0.0035 -0.866 0.5
3.3932 -0 0.1768 0.5 0.8093 -0.0035 0.0001 1
3.3932 -0.0884 0.1531 0.4979 0.8093 0.0005 -0.2588 0.9659
31.4656 -0.1857 0.3216 0.4956 1.4669 -0.0067 -0.2587 0.9659
31.4656 -0 0.3714 0.5 1.4669 -0.0035 0 1
3.3932 -0 0.1768 0.5 0.8093 -0.0035 0.0001 1
31.4656 -0.1857 0.3216 0.4956 1.4669 -0.0067 -0.2587 0.9659
3.3932 0.0884 0.1531 0.5021 0.8093 -0.0036 0.2587 0.9659
3.3932 -0 0.1768 0.5 0.8093 -0.0035 0.0001 1
31.4656 -0 0.3714 0.5 1.4669 -0.0035 0 1
31.4656 0.1857 0.3216 0.5044 1.4669 -0.0033 0.2588 0.9659
3.3932 0.0884 0.1531 0.5021 0.8093 -0.0036 0.2587 0.9659
31.4656 -0 0.3714 0.5 1.4669 -0.0035 0 1
3.3932 0.1531 0.0884 0.4979 0.8093 -0.0043 0.866 0.4999
3.3932 0.0884 0.1531 0.4964 0.8093 -0.0013 0.7071 0.7072
31.4656 0.1857 0.3216 0.4925 1.4669 -0.0067 0.7071 0.7071
31.4656 0.3216 0.1857 0.4956 1.4669 -0.0038 0.8774 0.4798
3.3932 0.1531 0.0884 0.4979 0.8093 -0.0043 0.866 0.4999
31.4656 0.1857 0.3216 0.4925 1.4669 -0.0067 0.7071 0.7071
3.3932 0.1768 -0 0.5 0.8093 -0.0044 1 -0
3.3932 0.1531 0.0884 0.4979 0.8093 -0.0043 0.866 0.4999
31.4656 0.3216 0.1857 0.4956 1.4669 -0.0038 0.8774 0.4798
31.4656 0.3714 -0 0.5 1.4669 -0.0035 1 0
3.3932 0.1768 -0 0.5 0.8093 -0.0044 1 -0
31.4656 0.3216 0.1857 0.4956 1.4669 -0.0038 0.8774 0.4798
3.0489 0.1525 -0.0884 0.5021 0.7934 -0.0016 0.8659 -0.5002
3.0489 0.1761 -0 0.5 0.7934 -0.0019 1 -0
3.3932 0.1768 -0 0.5 0.8093 -0.0044 1 -0
3.3932 0.1531 -0.0884 0.5021 0.8093 -0.0043 0.866 -0.4999
3.0489 0.1525 -0.0884 0.5021 0.7934 -0.0016 0.8659 -0.5002
3.3932 0.1768 -0 0.5 0.8093 -0.0044 1 -0
3.0489 0.0878 -0.1531 0.5036 0.7934 -0.0013 0.7071 -0.7072
3.0489 0.1525 -0.0884 0.5021 0.7934 -0.0016 0.8659 -0.5002
3.3932 0.1531 -0.0884 0.5021 0.8093 -0.0043 0.866 -0.4999
3.3932 0.0884 -0.1531 0.5036 0.8093 -0.004 0.7071 -0.7072
3.0489 0.0878 -0.1531 0.5036 0.7934 -0.0013 0.7071 -0.7072
3.3932 0.1531 -0.0884 0.5021 0.8093 -0.0043 0.866 -0.4999
3.0489 -0.0006 -0.1768 0.5 0.7934 -0 -0.0003 -1
3.0489 0.0878 -0.1531 0.4979 0.7934 -0.0005 0.2588 -0.9659
3.3932 0.0884 -0.1531 0.4979 0.8093 -0.0005 0.2587 -0.9659
3.3932 -0 -0.1768 0.5 0.8093 -0.0035 0.0001 -1
3.0489 -0.0006 -0.1768 0.5 0.7934 -0 -0.0003 -1
3.3932 0.0884 -0.1531 0.4979 0.8093 -0.0005 0.2587 -0.9659
3.0489 -0.089 -0.1531 0.5021 0.7934 0.0005 -0.2588 -0.9659
3.0489 -0.0006 -0.1768 0.5 0.7934 -0 -0.0003 -1
3.3932 -0 -0.1768 0.5 0.8093 -0.0035 0.0001 -1
3.3932 -0.0884 -0.1531 0.5021 0.8093 -0.0032 -0.4898 -0.8718
3.0489 -0.089 -0.1531 0.5021 0.7934 0.0005 -0.2588 -0.9659
3.3932 -0 -0.1768 0.5 0.8093 -0.0035 0.0001 -1
3.0489 -0.1537 -0.0884 0.4979 0.7934 0.0016 -0.8779 -0.4788
3.0489 -0.089 -0.1531 0.4964 0.7934 0.0013 -0.7071 -0.7072
3.3932 -0.0884 -0.1531 0.4964 0.8093 0.0013 -0.7071 -0.7072
3.3932 -0.1531 -0.0884 0.5036 0.8093 -0.0027 -0.7071 -0.7072
3.0489 -0.1537 -0.0884 0.5036 0.7934 0.0013 -0.7071 -0.7072
3.3932 -0.0884 -0.1531 0.5021 0.8093 -0.0032 -0.4898 -0.8718
3.0489 -0.1774 -0 0.5 0.7934 0.0019 -1 -0
3.0489 -0.1537 -0.0884 0.4979 0.7934 0.0016 -0.8779 -0.4788
3.3932 -0.1531 -0.0884 0.4979 0.8093 0.0018 -0.9659 -0.2588
3.3932 -0.1768 -0 0.5 0.8093 -0.0025 -1 0
3.0489 -0.1774 -0 0.5 0.7934 0.0019 -1 -0
3.3932 -0.1531 -0.0884 0.4979 0.8093 0.0018 -0.9659 -0.2588
3.0489 -0.1537 0.0884 0.5021 0.7934 0.0016 -0.8661 0.4999
3.0489 -0.1774 -0 0.5 0.7934 0.0019 -1 -0
3.3932 -0.1768 -0 0.5 0.8093 -0.0025 -1 0
3.3932 -0.1531 0.0884 0.5021 0.8093 -0.0027 -0.866 0.5001
3.0489 -0.1537 0.0884 0.5021 0.7934 0.0016 -0.8661 0.4999
3.3932 -0.1768 -0 0.5 0.8093 -0.0025 -1 0
3.0489 -0.089 0.1531 0.5036 0.7934 0.0013 -0.707 0.7072
3.0489 -0.1537 0.0884 0.5021 0.7934 0.0016 -0.8661 0.4999
3.3932 -0.1531 0.0884 0.5021 0.8093 -0.0027 -0.866 0.5001
3.3932 -0.0884 0.1531 0.5036 0.8093 -0.0027 -0.7071 0.7072
3.0489 -0.089 0.1531 0.5036 0.7934 0.0013 -0.707 0.7072
3.3932 -0.1531 0.0884 0.5021 0.8093 -0.0027 -0.866 0.5001
3.0489 -0.0006 0.1768 0.5 0.7934 0 -0.0003 1
3.0489 -0.089 0.1531 0.4979 0.7934 0.0005 -0.2588 0.9659
3.3932 -0.0884 0.1531 0.4979 0.8093 0.0005 -0.2588 0.9659
3.3932 -0 0.1768 0.5 0.8093 -0.0035 0.0001 1
3.0489 -0.0006 0.1768 0.5 0.7934 0 -0.0003 1
3.3932 -0.0884 0.1531 0.4979 0.8093 0.0005 -0.2588 0.9659
3.0489 0.0878 0.1531 0.5021 0.7934 -0.0005 0.2588 0.9659
3.0489 -0.0006 0.1768 0.5 0.7934 0 -0.0003 1
3.3932 -0 0.1768 0.5 0.8093 -0.0035 0.0001 1
3.3932 0.0884 0.1531 0.5021 0.8093 -0.0036 0.2587 0.9659
3.0489 0.0878 0.1531 0.5021 0.7934 -0.0005 0.2588 0.9659
3.3932 -0 0.1768 0.5 0.8093 -0.0035 0.0001 1
3.0489 0.1525 0.0884 0.4979 0.7934 -0.0016 0.8659 0.5002
3.0489 0.0878 0.1531 0.4964 0.7934 -0.0013 0.7071 0.7072
3.3932 0.0884 0.1531 0.4964 0.8093 -0.0013 0.7071 0.7072
3.3932 0.1531 0.0884 0.4979 0.8093 -0.0043 0.866 0.4999
3.0489 0.1525 0.0884 0.4979 0.7934 -0.0016 0.8659 0.5002
3.3932 0.0884 0.1531 0.4964 0.8093 -0.0013 0.7071 0.7072
3.0489 0.1761 -0 0.5 0.7934 -0.0019 1 -0
3.0489 0.1525 0.0884 0.4979 0.7934 -0.0016 0.8659 0.5002
3.3932 0.1531 0.0884 0.4979 0.8093 -0.0043 0.866 0.4999
3.3932 0.1768 -0 0.5 0.8093 -0.0044 1 -0
3.0489 0.1761 -0 0.5 0.7934 -0.0019 1 -0
3.3932 0.1531 0.0884 0.4979 0.8093 -0.0043 0.866 0.4999
3.0489 0.1761 -0 0.5041 1.5 -1 0 0
3.0489 0.1525 -0.0884 0.5036 1.4979 -1 0.0001 0
3.0489 -0.0006 -0 0.5 1.5 -1 0 -0
3.0489 0.1525 -0.0884 0.5036 1.4979 -1 0.0001 0
3.0489 0.0878 -0.1531 0.5021 1.4964 -1 0 -0
3.0489 -0.0006 -0 0.5 1.5 -1 0 -0
3.0489 0.0878 -0.1531 0.5021 1.4964 -1 0 -0
3.0489 -0.0006 -0.1768 0.5 1.4959 -1 0 -0
3.0489 -0.0006 -0 0.5 1.5 -1 0 -0
3.0489 -0.0006 -0.1768 0.5 1.4959 -1 0 -0
3.0489 -0.089 -0.1531 0.4979 1.4964 -1 -0.0001 0
3.0489 -0.0006 -0 0.5 1.5 -1 0 -0
3.0489 -0.089 -0.1531 0.4979 1.4964 -1 -0.0001 0
3.0489 -0.1537 -0.0884 0.4964 1.4979 -1 0 -0.0001
3.0489 -0.0006 -0 0.5 1.5 -1 0 -0
3.0489 -0.1537 -0.0884 0.4964 1.4979 -1 0 -0.0001
3.0489 -0.1774 -0 0.4959 1.5 -1 0 0.0001
3.0489 -0.0006 -0 0.5 1.5 -1 0 -0
3.0489 -0.1774 -0 0.4959 1.5 -1 0 0.0001
3.0489 -0.1537 0.0884 0.4964 1.5021 -1 -0.0001 -0
3.0489 -0.0006 -0 0.5 1.5 -1 0 -0
3.0489 -0.1537 0.0884 0.4964 1.5021 -1 -0.0001 -0
3.0489 -0.089 0.1531 0.4979 1.5036 -1 0 -0
3.0489 -0.0006 -0 0.5 1.5 -1 0 -0
3.0489 -0.089 0.1531 0.4979 1.5036 -1 0 -0
3.0489 -0.0006 0.1768 0.5 1.5041 -1 0 -0
3.0489 -0.0006 -0 0.5 1.5 -1 0 -0
3.0489 -0.0006 0.1768 0.5 1.5041 -1 0 -0
3.0489 0.0878 0.1531 0.5021 1.5036 -1 0.0001 -0
3.0489 -0.0006 -0 0.5 1.5 -1 0 -0
3.0489 0.0878 0.1531 0.5021 1.5036 -1 0.0001 -0
3.0489 0.1525 0.0884 0.5036 1.5021 -1 0 0
3.0489 -0.0006 -0 0.5 1.5 -1 0 -0
3.0489 0.1525 0.0884 0.5036 1.5021 -1 0 0
3.0489 0.1761 -0 0.5041 1.5 -1 0 0
3.0489 -0.0006 -0 0.5 1.5 -1 0 -0
